1000
745
325
893
774
243
312
130
653
226
785
351
977
288
521
928
71
52
856
593
345
163
281
839
548
168
355
503
601
1000
199
356
359
48
216
214
299
398
347
334
77
230
184
937
360
684
478
963
740
438
827
941
312
6
789
611
959
802
56
233
81
933
114
764
573
827
526
574
954
793
213
330
724
224
731
313
85
585
251
830
443
291
685
403
900
863
2
615
742
992
971
204
224
828
963
676
939
249
256
476
814
400
233
600
870
801
839
106
767
822
979
842
271
355
686
431
155
573
768
701
91
743
892
758
784
390
546
430
162
957
115
573
125
850
549
277
497
623
707
589
552
964
481
86
548
501
98
522
328
91
954
905
502
885
996
439
695
782
32
149
67
620
536
261
112
446
169
844
864
197
415
304
459
484
837
338
20
799
879
988
771
160
439
237
314
703
356
376
496
974
780
973
607
644
712
861
107
402
602
632
958
986
285
560
299
934
824
721
490
485
992
640
382
888
429
199
69
396
19
993
879
403
883
659
968
902
211
996
537
654
602
109
980
37
163
619
802
568
702
962
787
747
954
663
496
524
630
260
982
962
746
541
572
31
561
697
253
520
922
60
64
891
62
331
771
230
898
114
838
311
184
229
279
652
447
67
608
276
25
282
990
881
870
445
227
756
872
604
873
784
539
114
474
979
370
849
772
51
849
467
921
326
680
631
52
231
523
580
616
604
959
600
318
449
277
36
411
514
772
408
951
109
554
460
80
451
793
552
681
806
551
701
438
873
618
53
119
220
501
460
291
959
485
791
831
452
367
334
638
60
604
741
418
507
582
200
722
428
846
169
945
752
135
369
71
942
668
18
426
830
462
627
44
539
233
651
868
727
924
95
372
878
615
15
330
295
920
180
227
927
137
69
325
582
762
638
480
652
33
865
102
56
373
817
529
529
719
695
683
213
596
544
54
703
803
957
257
445
102
86
828
58
327
630
133
797
387
692
310
346
728
947
899
521
638
954
179
74
29
208
694
776
330
915
333
783
981
296
356
152
856
848
853
785
27
271
890
228
215
322
833
830
623
823
162
571
601
572
578
287
702
700
898
797
50
442
827
447
600
466
466
280
739
676
786
904
603
909
973
748
210
261
599
690
38
132
401
124
121
191
232
146
292
586
823
74
365
823
217
723
637
926
314
493
411
655
736
891
852
539
76
283
17
976
675
37
936
327
369
974
912
366
615
310
461
121
546
916
177
136
961
333
870
898
84
500
761
616
936
584
99
699
600
30
402
528
999
33
577
828
304
340
186
847
174
247
227
582
745
938
308
48
812
54
777
21
696
682
857
599
761
115
157
797
905
618
50
71
665
70
297
137
692
789
564
93
94
238
826
244
264
105
228
859
301
699
307
734
65
651
409
517
372
327
938
662
577
118
238
148
491
20
261
965
170
971
221
124
859
468
839
657
115
291
452
755
476
559
810
428
230
268
303
754
382
899
232
729
213
407
356
939
226
256
671
534
808
955
499
268
19
251
584
928
839
69
5
300
647
592
877
204
395
636
228
799
109
502
384
651
242
796
752
234
926
601
211
113
913
516
153
838
955
921
261
499
718
278
98
653
607
918
344
510
96
975
593
198
391
112
912
298
667
397
181
421
863
312
832
694
991
92
729
403
902
296
867
307
321
106
133
594
909
283
874
156
299
1
867
284
552
551
198
871
454
43
749
905
825
131
299
834
185
801
615
918
525
138
83
505
911
405
136
174
166
576
649
607
583
215
58
520
988
990
940
490
12
695
654
412
922
35
44
293
129
802
169
347
921
84
821
512
875
367
557
740
49
525
595
805
302
817
430
190
793
124
749
821
107
638
255
17
185
896
513
516
235
545
411
607
355
761
448
856
796
383
258
85
774
734
803
332
946
840
660
372
847
829
839
177
329
130
479
880
337
45
476
687
653
734
169
438
272
380
434
980
795
399
670
441
529
157
399
327
858
315
518
895
804
248
102
311
654
409
888
709
601
144
665
872
132
84
533
462
598
31
712
754
229
701
608
215
309
680
148
558
434
851
564
559
249
902
359
420
89
359
844
489
604
256
20
930
212
467
132
255
596
432
266
703
963
403
788
182
218
857
407
585
53
374
441
222
378
219
925
523
991
434
868
742
67
71
590
848
692
680
395
137
797
859
462
200
190
608
423
544
908
163
363
6
961
772
639
765
204
422
805
57
71
586
884
175
228
729
458
535
814
254
740
918
202
759
161
888
546
69
217
184
428
738
70
697
587
777
476
502
595
426
526
612
962
856
945
671
917
524
641
299
436
704
319
382
756
568
625
888
202
843
389
899
94
940
519
816
962
2
695
4
405
88
798
261
707
23
775
425
860
342
228
542
973
927
9
299
594
339
903
860
251
341
305
139
688
508
69
857
5
385
632
696
590
628
145
451
796
474
129
950
35
84
37
280
872
448
459
588
92
878
74
470
29
438
994
747
312
468
629
861
260
467
387
499
569
488
994
230
594
86
260
68
258
889
846
234
14
862
360
712
122
873
896
939
229
140
593
394
501
981
166
645
196
897
956
483
391
15
533
623
646
232
589
528
154
725
872
608
439
589
587
434
466
245
6
429
87
11
957
609
649
958
241
96
537
36
556
887
116
247
968
9
596
815
335
141
159
880
559
96
534
353
774
594
357
586
984
668
416
649
66
434
604
140
115
752
177
242
96
651
420
858
492
85
934
973
699
32
74
836
722
836
851
50
555
546
704
944
997
322
52
807
113
602
553
790
812
800
656
50
225
284
207
654
261
490
954
973
932
749
149
568
983
299
773
257
933
887
213
447
672
816
215
99
218
860
330
28
703
900
723
900
228
525
842
121
495
178
57
707
59
832
653
35
255
758
899
958
973
343
522
639
590
344
774
217
973
787
913
724
510
279
279
583
77
422
451
93
641
25
973
492
932
279
223
340
645
288
731
171
944
400
917
698
19
204
639
667
392
444
875
434
99
176
815
194
329
617
625
270
597
560
394
945
825
715
671
680
960
960
911
776
792
608
665
949
809
60
212
269
465
987
766
773
128
476
136
681
343
417
532
381
314
214
72
383
867
30
203
473
243
334
606
976
489
556
786
847
462
409
99
463
237
827
704
992
473
524
76
926
734
740
196
568
939
969
858
825
866
960
195
647
406
380
825
477
891
912
821
15
774
157
168
472
986
543
605
60
749
659
577
890
169
110
308
438
770
281
945
986
578
609
599
254
35
133
337
546
249
828
912
838
19
834
37
204
750
545
677
875
216
122
654
857
525
900
975
218
946
77
884
475
424
836
269
470
383
414
161
503
295
126
432
133
827
871
790
603
432
266
906
865
464
59
459
458
442
723
571
339
922
402
626
527
42
895
892
779
124
70
28
279
34
380
284
865
640
420
633
240
491
598
322
480
845
899
197
935
254
818
596
709
508
744
363
900
869
66
381
336
228
5
597
829
422
508
449
367
259
227
977
535
925
290
58
69
517
85
417
69
146
410
413
124
812
444
534
899
105
354
352
121
162
570
815
876
459
349
465
42
35
143
741
77
279
741
340
457
364
669
840
700
581
572
924
629
966
878
746
663
630
876
47
468
70
142
608
69
49
715
99
308
959
672
399
653
231
532
540
716
80
505
893
488
165
498
750
936
231
390
17
118
991
241
172
685
38
840
430
971
459
216
566
761
457
585
427
403
236
511
323
496
982
652
26
744
31
302
588
90
345
826
466
390
196
776
914
180
443
110
100
906
619
877
677
1000
472
865
376
37
256
545
848
998
389
512
453
874
635
71
474
988
570
923
109
565
628
432
563
338
966
721
3
14
133
375
210
923
941
547
757
474
988
497
749
309
539
951
845
982
71
514
943
993
272
456
15
427
69
214
187
194
201
833
877
727
590
530
454
830
916
512
196
552
947
214
892
588
937
143
749
53
253
684
917
609
546
220
509
407
788
630
196
556
732
128
848
170
657
1
629
419
819
489
980
160
906
667
778
18
219
120
450
953
729
976
839
31
143
494
970
863
935
243
226
835
913
814
366
629
3
3
926
380
458
905
774
681
726
379
920
632
470
244
598
572
221
982
529
850
100
284
618
683
179
359
890
987
767
84
800
251
373
812
329
85
194
532
5
801
246
739
925
142
358
438
401
351
522
479
928
588
785
146
142
906
194
641
490
163
81
566
776
932
274
784
621
686
645
467
181
261
358
570
545
249
166
320
161
911
266
886
683
795
205
926
879
179
869
518
63
628
13
914
717
664
495
390
456
741
281
818
204
601
157
85
885
923
309
54
998
528
748
119
754
381
466
813
826
245
203
885
896
713
660
379
207
249
643
253
203
768
80
50
925
686
569
621
284
747
567
978
797
384
418
261
756
878
514
807
457
462
661
91
89
565
710
188
648
532
221
356
813
315
821
727
792
516
183
791
853
205
663
679
74
53
286
802
213
679
995
947
277
92
917
909
128
510
20
615
453
317
470
78
718
851
344
145
86
371
347
623
75
998
907
518
159
991
856
227
878
399
854
697
903
65
871
748
900
421
731
812
832
