1000
815
136
906
836
127
969
914
222
633
309
98
548
279
189
547
993
958
997
965
968
158
726
971
982
958
110
486
799
801
298
142
5
422
113
916
640
793
879
960
504
656
798
36
362
850
212
934
682
679
399
758
741
744
475
393
423
656
174
172
302
707
798
32
317
277
873
47
150
98
995
824
822
695
126
318
764
951
491
35
664
439
126
382
211
766
52
796
37
187
409
490
458
446
488
647
794
710
921
755
808
277
706
680
3
656
711
163
644
119
457
499
774
960
574
341
877
586
809
224
18
752
822
256
821
506
941
700
413
891
424
960
581
548
159
139
762
150
231
258
810
841
989
255
333
815
300
244
14
930
218
350
908
197
849
252
956
617
779
474
988
352
68
831
794
586
595
550
733
918
696
286
680
758
393
754
562
381
209
568
528
76
405
54
353
531
593
780
357
935
965
130
155
569
395
470
388
12
727
338
389
163
928
795
437
312
863
529
621
166
120
602
472
263
341
655
530
690
717
749
989
451
721
84
913
229
506
914
559
153
504
826
463
539
547
997
448
79
855
443
605
107
499
962
980
5
35
775
978
818
364
869
680
85
347
400
856
260
46
801
661
432
750
911
133
182
983
264
96
146
283
137
803
870
78
580
628
550
9
145
681
854
534
623
439
351
200
514
139
402
383
76
763
240
41
124
253
184
505
240
823
418
982
50
824
903
302
945
48
491
248
490
545
338
888
901
344
370
34
112
163
781
878
390
211
242
273
404
493
97
224
132
491
943
955
957
652
576
758
60
436
235
553
354
54
822
323
16
405
44
909
169
810
650
259
732
130
648
494
451
379
548
719
297
288
745
624
189
812
687
313
184
386
369
344
626
816
781
670
82
380
930
459
776
304
487
911
436
489
447
756
307
109
509
394
511
871
818
361
795
918
645
544
379
141
812
200
533
949
351
991
940
241
876
17
551
389
623
780
588
477
208
541
302
19
471
901
231
195
845
886
195
442
226
148
171
240
228
800
436
474
312
90
924
645
431
634
185
585
905
727
980
355
439
681
112
708
259
163
409
134
595
450
263
43
603
798
712
168
222
832
118
325
297
656
319
421
425
782
508
114
86
994
263
182
802
763
30
266
929
245
731
101
489
345
579
282
238
969
459
214
964
606
547
227
522
190
232
402
489
414
625
171
680
300
396
637
368
152
988
770
38
884
886
960
914
19
797
583
99
767
262
328
336
130
680
292
137
848
722
231
107
502
654
2
495
13
780
287
716
99
904
385
891
356
335
720
699
66
198
514
31
424
745
690
501
254
480
402
905
265
610
935
618
473
860
611
806
489
577
515
183
246
240
334
887
503
29
597
490
311
168
963
979
233
713
747
501
323
472
319
60
953
682
535
43
872
72
935
522
668
97
290
819
66
818
232
723
705
150
196
660
423
519
937
973
143
649
644
801
473
454
437
433
245
826
506
84
907
134
77
174
714
391
618
832
190
804
397
61
278
400
859
527
909
417
618
657
181
628
516
292
825
432
360
16
817
985
294
168
173
107
493
373
196
199
865
490
205
340
617
952
879
921
393
53
947
738
167
270
972
423
564
548
599
943
132
418
567
984
555
302
311
702
121
667
738
540
243
699
823
667
186
179
313
129
882
1000
675
172
740
33
63
562
132
882
90
670
9
191
457
369
635
461
530
982
498
157
336
856
253
645
234
377
174
191
596
429
727
483
878
121
708
590
235
227
478
385
19
583
748
252
655
291
79
618
473
266
997
825
533
983
900
731
773
344
204
585
908
108
375
907
849
880
327
818
327
261
660
595
587
23
49
426
770
313
492
162
489
179
430
423
395
95
777
599
975
471
749
696
635
700
73
639
634
34
529
69
297
320
326
531
632
655
995
408
517
820
725
719
246
969
333
532
749
326
683
106
682
611
79
779
459
424
699
91
68
267
70
154
528
282
263
441
484
528
131
458
95
876
121
519
970
944
757
638
269
958
725
241
416
677
475
290
56
672
614
696
491
68
905
255
936
225
919
668
304
845
791
345
227
781
449
676
511
7
231
603
712
387
985
916
656
2
273
463
470
425
4
461
447
771
971
323
305
785
216
472
248
36
807
176
487
722
408
474
216
153
541
342
724
608
284
192
543
739
756
243
332
918
802
270
858
766
15
189
885
288
594
92
87
577
925
684
914
547
981
426
901
645
950
648
935
680
9
636
778
946
26
209
588
710
650
237
329
120
112
608
125
451
974
459
534
662
663
771
709
351
69
663
206
417
434
842
12
833
70
257
344
614
313
583
993
541
270
870
858
265
356
319
747
120
845
940
218
646
965
480
713
640
983
545
760
648
194
544
353
722
197
523
833
994
953
219
768
106
862
110
456
64
333
405
839
449
555
366
121
764
213
628
492
772
410
933
760
973
358
193
772
139
982
697
847
94
835
526
368
531
51
862
976
485
843
394
870
672
76
742
33
521
614
348
736
150
616
587
663
263
952
45
266
755
920
243
119
443
314
688
873
360
234
737
809
395
557
684
944
705
504
443
667
20
153
331
974
425
634
271
179
198
75
822
495
430
786
888
465
392
884
770
648
397
904
809
6
756
694
378
586
217
106
791
991
950
230
328
333
672
690
439
962
834
227
769
925
168
877
862
432
990
471
515
563
885
838
589
149
155
640
200
996
407
640
749
440
826
29
790
84
319
531
535
783
90
737
112
191
137
262
679
453
496
461
190
674
496
177
148
188
55
97
851
324
561
171
930
25
697
831
583
245
816
143
880
156
989
304
1
34
866
410
613
784
990
444
528
18
480
286
802
952
228
172
499
95
901
274
575
202
846
754
739
801
586
587
247
497
667
591
84
569
626
186
661
902
730
25
891
265
983
783
770
600
582
557
929
97
581
927
17
399
121
40
863
586
485
414
845
130
210
609
553
56
630
849
32
453
615
486
363
68
50
222
490
645
193
976
124
950
206
737
147
421
190
686
43
687
636
232
282
995
539
436
696
744
500
339
536
363
446
990
124
726
491
838
853
399
874
852
271
172
209
948
565
351
641
385
418
400
206
719
948
836
83
951
106
64
143
665
167
177
621
371
574
169
53
114
932
153
729
396
738
397
64
28
861
451
935
99
985
917
859
467
786
750
514
730
178
737
399
657
134
216
31
52
940
59
302
422
296
811
333
317
468
885
649
410
26
202
843
26
560
67
855
677
348
82
447
330
55
370
178
797
663
177
331
93
899
60
119
287
989
716
540
494
707
906
1000
405
288
68
415
376
465
849
764
365
819
143
101
422
179
869
360
998
57
534
522
395
336
333
176
44
209
857
906
181
676
334
469
432
913
328
105
253
746
132
737
91
562
953
185
280
598
579
300
354
135
317
213
777
895
371
72
192
243
12
54
393
442
907
14
988
898
709
197
638
94
622
308
926
457
881
102
20
996
721
333
592
298
57
63
639
299
297
47
465
506
948
762
552
632
504
90
134
81
714
778
926
906
904
534
637
110
342
826
664
339
660
294
271
747
643
11
430
49
803
668
333
604
711
527
655
730
241
708
920
782
604
288
384
693
781
557
496
397
886
62
398
781
278
338
243
608
2
742
395
105
202
128
773
550
609
486
780
891
500
799
385
735
831
52
128
73
250
89
504
799
129
944
979
684
727
133
224
723
683
111
449
118
673
641
910
329
839
654
212
750
952
584
878
741
710
235
971
735
423
971
838
867
94
87
674
367
99
370
698
686
216
598
778
790
81
368
406
207
208
87
86
772
520
206
979
389
167
552
919
229
305
642
581
485
844
152
389
782
7
101
10
295
199
238
394
531
197
92
836
406
780
105
78
113
292
785
276
292
622
604
922
965
226
433
285
695
85
759
328
433
53
656
611
110
545
934
348
188
527
267
1000
798
856
488
903
769
129
397
616
273
831
38
988
674
646
430
751
452
758
610
667
60
541
316
731
773
780
697
489
126
594
131
968
93
79
8
36
424
373
656
78
723
785
532
478
109
441
632
282
127
517
135
368
99
118
143
599
169
17
197
468
318
107
317
339
218
87
252
206
893
518
704
477
556
36
185
854
213
951
78
853
914
981
707
863
558
822
314
919
167
599
623
827
988
538
171
914
258
168
397
19
74
857
685
842
403
789
983
730
403
735
621
587
155
564
382
925
162
606
759
102
872
620
351
734
686
291
295
319
531
574
833
642
598
56
336
980
300
793
453
640
423
325
360
973
559
506
743
922
425
570
430
447
125
965
25
121
291
985
318
230
654
597
957
571
936
765
458
413
241
56
764
507
760
173
741
530
744
535
106
683
682
473
464
331
213
375
99
138
824
730
176
330
164
661
666
64
895
908
517
105
703
100
154
393
954
666
541
496
680
463
37
212
810
410
749
108
121
490
526
112
326
359
547
291
399
328
416
260
181
546
256
70
21
18
924
135
654
897
933
743
164
604
922
953
795
915
578
243
441
903
258
444
752
563
229
352
65
37
768
564
672
348
716
772
643
631
420
893
391
862
817
338
318
664
815
685
790
401
853
19
506
5
636
391
951
1000
444
201
61
629
867
920
