1000
632
853
356
828
998
924
225
276
653
646
605
419
388
993
143
471
26
676
422
934
185
572
726
439
371
321
842
916
735
983
572
280
177
20
958
337
266
887
925
112
224
313
374
525
88
120
641
761
181
313
46
289
724
326
348
412
661
264
384
487
628
227
22
932
911
45
801
977
746
783
814
451
384
214
618
104
576
545
531
537
276
668
249
81
452
647
228
146
805
404
987
919
30
424
536
643
88
616
803
800
990
443
67
701
940
820
19
266
684
56
784
708
535
801
886
968
900
993
626
43
138
924
218
63
183
382
42
128
107
440
617
9
940
875
355
888
411
519
985
306
946
397
677
403
989
225
767
552
337
286
663
372
245
50
296
815
681
622
528
311
412
230
603
431
751
725
584
863
552
683
584
578
512
802
83
168
720
638
997
992
355
910
972
474
347
611
887
898
455
713
414
426
218
528
126
229
309
895
727
109
783
950
694
399
10
29
844
448
923
206
771
891
43
941
379
76
705
139
730
514
225
868
270
807
674
841
478
917
624
825
237
657
178
904
830
279
767
825
935
684
108
717
183
781
100
663
490
751
194
203
896
569
100
649
45
698
558
638
773
810
312
790
179
726
339
28
211
954
511
137
907
209
629
131
102
872
391
889
55
7
502
696
432
820
998
655
812
461
486
734
895
567
138
444
391
526
928
566
918
641
714
597
619
768
344
679
937
135
125
251
731
332
647
184
834
596
399
775
750
345
836
296
323
904
553
477
980
574
550
273
331
159
620
697
361
194
757
140
414
107
493
303
695
295
973
5
328
139
838
744
740
173
955
651
32
804
357
520
663
89
282
698
231
866
712
456
625
890
591
533
661
324
48
182
349
560
452
250
241
378
716
103
857
987
282
254
732
419
138
437
837
733
139
384
589
296
367
849
807
127
504
477
490
786
878
999
354
795
450
28
964
960
43
336
973
48
190
606
668
975
587
692
676
675
362
201
621
209
812
864
20
866
84
722
975
21
652
375
232
314
404
499
123
730
269
715
258
127
332
801
153
331
349
414
122
330
885
616
95
314
931
784
400
671
48
538
343
722
736
730
795
640
545
637
687
103
894
115
55
557
304
467
47
744
196
92
721
798
722
546
878
971
583
206
71
901
923
736
801
790
286
398
544
910
985
115
716
150
839
215
434
131
471
70
561
90
270
597
750
957
504
121
647
856
308
823
139
473
476
673
363
165
789
766
781
242
669
538
134
723
22
206
560
585
301
145
940
458
981
418
287
396
801
451
897
625
598
561
885
783
944
302
550
807
729
703
577
344
26
21
447
388
647
318
522
135
373
436
938
747
830
10
850
998
373
282
594
971
873
788
934
979
669
154
207
388
654
919
73
504
407
460
667
119
934
600
811
849
485
153
757
641
418
710
972
82
988
721
865
4
389
860
455
986
247
194
785
337
883
615
914
911
559
26
599
123
149
156
900
746
451
101
206
116
900
940
763
501
883
171
285
857
674
333
665
528
123
446
408
316
276
154
717
315
284
853
897
403
827
940
391
410
498
770
695
364
835
642
610
870
575
928
327
414
457
930
714
438
885
809
721
353
19
336
675
326
439
97
438
721
118
7
815
411
325
902
247
63
343
895
376
460
547
338
562
423
396
218
399
98
516
249
658
451
951
432
723
418
401
442
832
154
135
11
61
750
85
953
164
910
325
75
302
514
12
91
540
33
96
118
147
150
632
853
860
246
975
914
571
791
997
957
554
349
516
688
331
588
431
417
492
975
72
7
888
566
65
744
437
747
827
277
395
935
614
808
819
511
887
417
932
156
191
994
259
287
898
269
594
783
504
61
613
711
820
626
532
878
203
345
454
718
428
445
967
182
621
601
696
421
721
12
347
295
517
641
557
699
157
753
563
444
695
872
427
97
837
857
732
309
361
479
455
580
387
312
776
23
735
542
431
775
694
295
946
723
785
559
706
740
110
222
390
882
591
380
460
327
51
648
229
950
835
498
16
109
864
957
79
926
670
376
501
465
218
387
572
953
123
224
672
903
600
11
56
667
57
938
153
18
20
3
436
25
833
606
618
103
521
389
864
174
98
606
909
618
109
274
517
256
144
34
560
338
5
722
767
954
849
108
917
876
987
450
506
262
272
760
101
805
508
242
586
348
763
734
83
273
662
890
517
778
172
292
939
148
591
459
441
730
942
787
656
719
452
277
840
17
533
382
554
540
681
339
368
837
240
496
579
844
867
911
407
560
113
367
444
788
301
312
402
569
834
85
404
74
391
937
361
530
141
661
261
638
87
595
430
993
258
826
298
615
425
741
120
521
496
721
707
123
244
683
786
718
75
675
394
667
4
473
221
58
2
377
190
625
143
115
269
534
175
655
139
957
599
956
902
898
940
907
222
146
483
377
377
683
524
534
265
716
69
824
437
5
174
682
27
742
955
919
431
581
962
21
763
838
8
598
681
275
706
316
646
6
553
482
219
169
773
376
229
514
371
976
891
168
857
867
403
727
319
411
609
681
911
364
910
296
592
462
333
691
854
152
443
76
905
591
34
484
533
809
717
966
180
104
337
699
188
474
322
109
404
219
549
425
49
190
553
108
275
386
242
84
244
555
155
18
957
997
936
1000
819
643
729
604
176
725
361
776
189
198
2
102
317
229
700
385
626
704
544
338
440
947
288
807
502
539
762
808
763
118
577
300
748
379
646
739
124
795
505
790
348
416
93
896
148
686
199
36
673
874
432
576
695
73
257
668
10
816
533
451
280
798
947
371
907
792
393
608
25
16
672
332
838
629
972
207
57
532
451
10
583
527
687
421
720
503
651
831
727
474
374
328
582
855
117
964
58
372
980
336
285
500
595
605
963
553
186
427
194
514
342
511
933
33
391
169
274
800
152
834
398
642
375
145
132
87
436
744
92
386
615
873
11
823
574
195
790
278
236
540
449
41
570
779
62
81
497
663
643
446
222
582
838
328
972
282
847
27
506
339
279
923
747
200
237
850
958
611
621
812
601
375
173
54
91
926
256
884
859
34
912
963
700
670
726
77
230
204
577
114
811
508
404
373
989
710
90
471
321
224
512
848
61
824
726
336
557
78
530
406
830
308
859
453
790
414
318
355
453
29
753
79
110
541
110
379
270
167
525
524
973
689
711
690
312
292
292
483
851
811
912
988
640
52
256
189
89
601
839
443
585
597
949
362
62
219
585
432
286
492
828
713
191
150
443
99
394
554
827
492
677
311
208
601
319
610
134
436
672
463
571
857
170
892
148
936
477
133
909
135
553
545
33
566
54
610
806
434
452
475
383
560
790
839
365
965
533
777
712
193
872
251
329
896
651
301
975
958
76
636
588
899
414
382
310
803
264
623
759
183
996
857
187
343
782
181
196
161
993
741
803
156
425
161
729
392
499
587
809
638
357
64
74
369
591
395
911
694
194
717
433
641
750
745
40
771
947
82
764
437
559
650
184
316
498
613
518
919
995
969
855
682
963
207
679
671
404
651
935
675
480
326
232
487
397
784
706
774
559
573
757
610
996
947
963
450
536
196
964
932
116
802
52
27
305
3
581
649
531
442
902
652
541
936
432
130
543
115
713
627
17
86
801
98
143
811
479
660
257
709
370
898
662
143
170
591
279
827
199
900
196
995
327
22
881
493
472
979
404
315
180
552
969
586
408
389
845
681
616
519
377
234
878
440
785
606
465
531
814
763
899
828
430
27
335
106
597
777
902
22
703
739
378
222
735
492
955
279
543
770
541
699
312
987
72
399
182
844
93
494
464
788
10
561
916
935
643
918
2
768
31
239
209
728
455
300
128
845
9
20
728
142
355
522
781
712
437
357
437
38
50
256
50
59
92
565
595
709
242
142
842
277
858
609
964
285
489
519
221
154
227
828
537
540
763
658
348
261
462
827
640
819
918
218
162
775
716
24
578
340
434
266
885
286
394
594
179
355
634
217
625
671
328
63
803
371
1000
373
981
978
128
754
233
742
24
982
608
882
111
345
408
400
885
368
549
36
370
582
209
452
441
752
957
68
125
746
471
287
857
247
44
511
692
617
979
83
284
751
134
760
686
287
910
192
611
922
900
177
194
704
755
275
347
687
419
991
156
835
820
606
625
82
739
780
806
892
68
369
951
86
498
925
756
638
743
842
832
326
157
299
458
467
619
262
933
994
836
657
896
962
583
899
583
350
855
137
35
46
886
542
408
136
37
467
747
627
155
840
144
916
606
399
255
709
325
918
402
125
407
919
387
192
610
326
167
621
189
720
95
917
324
251
770
323
235
374
741
223
693
422
825
493
828
481
294
571
310
832
524
224
326
694
832
812
811
824
557
129
263
153
681
427
234
322
457
440
385
846
539
400
992
277
756
453
981
298
235
604
529
980
52
248
757
95
602
532
858
652
989
266
930
101
410
949
1
284
541
606
208
121
220
994
326
353
96
700
748
683
749
649
544
533
339
288
833
1
553
291
958
621
893
602
357
515
547
653
347
993
623
555
797
331
746
658
126
755
823
109
26
160
415
816
732
594
782
36
368
56
